SIZES
  narena                13631488
  nbuffer               278640
  nplugin               0
  maxuse_stack          1716
  maxuse_arena          29792
  maxuse_con            1
  maxuse_efc            6
  solver_nisland        1
  ne                    0
  nf                    0
  nl                    0
  nefc                  0
  nnzJ                  0
  ncon                  0
  nisland               0
  threadpool            0

TIMER
    0:  duration =  0          number = 0
    1:  duration =  1.8        number = 12
    2:  duration =  0          number = 0
    3:  duration =  1.6        number = 12
    4:  duration =  0.081      number = 12
    5:  duration =  0.043      number = 12
    6:  duration =  0.0037     number = 12
    7:  duration =  0          number = 0
    8:  duration =  0.21       number = 12
    9:  duration =  0.048      number = 12
    10:  duration =  1.3        number = 12
    11:  duration =  0.077      number = 12
    12:  duration =  0.0037     number = 12
    13:  duration =  0.39       number = 12
    14:  duration =  0.58       number = 12
    15:  duration =  0          number = 12

ENERGY =   0         0       

TIME =  0       

QPOS
   0       
   0       
   0       
  -1.6     
   0       
   1.6     
  -0.79    

QVEL
   0       
   0       
   0       
   0       
   0       
   0       
   0       

QACC_WARMSTART
   0.0017  
   0.25    
   0.0005  
  -24      
  -0.82    
   16      
  -7.6     

CTRL
   0       
   0       
   0       
  -1.6     
   0       
   1.6     
  -0.79    

QFRC_APPLIED
   0       
   0       
   0       
   0       
   0       
   0       
   0       

XFRC_APPLIED
   0         0         0         0         0         0       
   0         0         0         0         0         0       
   0         0         0         0         0         0       
   0         0         0         0         0         0       
   0         0         0         0         0         0       
   0         0         0         0         0         0       
   0         0         0         0         0         0       
   0         0         0         0         0         0       
   0         0         0         0         0         0       
   0         0         0         0         0         0       
   0         0         0         0         0         0       
   0         0         0         0         0         0       
   0         0         0         0         0         0       

QACC
   0.0017  
   0.25    
   0.0005  
  -24      
  -0.82    
   16      
  -7.6     

XPOS
   0         0         0       
   0         0         0       
   0         0         0.33    
   0         0         0.33    
   0         0         0.65    
   0.082     0         0.65    
   0.47      0         0.73    
   0.47      0         0.73    
   0.55      0         0.73    
   0.55     -6.6e-34   0.62    
   0.12      0         0.45    
  -0.11      0         0.45    
   0.35      0.05      0.82    

XQUAT
   1         0         0         0       
   1         0         0         0       
   1         0         0         0       
   0.71     -0.71      0         0       
   1         0         0         0       
   0.5       0.5       0.5      -0.5     
   0.71      0         0.71      0       
   0.71      0.71     -5.6e-17   5.6e-17 
   3e-17     0.92      0.38      7.3e-17 
  -5.6e-17   0.71     -0.71      5.6e-17 
   0.71      0.71      0         0       
   0.71      0.71      0         0       
   0.71      0.71      0         0       

XMAT
   1         0         0         0         1         0         0         0         1       
   1         0         0         0         1         0         0         0         1       
   1         0         0         0         1         0         0         0         1       
   1        -0         0         0         0         1        -0        -1         0       
   1         0         0         0         1         0         0         0         1       
   6.3e-06   1         0         0         0        -1        -1         6.3e-06   0       
   6.3e-06   0         1         0         1         0        -1         0         6.3e-06 
   1        -1.6e-16   0         0         0        -1         1.6e-16   1         0       
   0.71      0.71      1.6e-16   0.71     -0.71     -6.2e-33   1.1e-16   1.1e-16  -1       
  -9.8e-05  -1         1.6e-16  -1         9.8e-05  -2.5e-32  -1.5e-20  -1.6e-16  -1       
   1         0         0         0         0        -1         0         1         0       
   1         0         0         0         0        -1         0         1         0       
   1         0         0         0         0        -1         0         1         0       

XIPOS
   0         0         0       
  -0.041    -0.00014   0.05    
   0.0039    0.0021    0.29    
  -0.0031    0.0035    0.36    
   0.028     0.039     0.58    
   0.19     -0.027     0.7     
   0.43      0.041     0.74    
   0.53      0.011     0.72    
   0.56      0.01      0.67    
   0.55     -3.3e-33   0.52    
   0.12      0         0.45    
  -0.11      0         0.45    
   0.35      0.05      0.82    

XIMAT
   1         0         0         0         1         0         0         0         1       
   0.13      0.0028    0.99      0.019    -1         0.00032   0.99      0.019    -0.13    
   0.013    -1        -0.0097    1         0.013    -0.027     0.028    -0.0094    1       
   0.43     -0.029     0.9       0.82     -0.41     -0.4       0.38      0.91     -0.15    
  -0.12     -0.94      0.32      0.93      0.0056    0.36     -0.34      0.35      0.87    
   0.59     -0.13     -0.79     -0.69     -0.59     -0.42     -0.41      0.8      -0.44    
  -0.14     -0.044     0.99     -0.28      0.96      0.0038   -0.95     -0.28     -0.15    
  -0.28     -0.13      0.95     -0.94     -0.17     -0.29      0.2      -0.98     -0.074   
   0.61      0.76      0.21      0.78     -0.63      0.0073    0.14      0.16     -0.98    
  -0.71      0.71      1.6e-16   0.71      0.71     -1.2e-32  -1.1e-16   1.1e-16  -1       
   1         0         0         0         0        -1         0         1         0       
   1         0         0         0         0        -1         0         1         0       
   1         0         0         0         0        -1         0         1         0       

XANCHOR
   0         0         0.33    
   0         0         0.33    
   0         0         0.65    
   0.082     0         0.65    
   0.47      0         0.73    
   0.47      0         0.73    
   0.55      0         0.73    

XAXIS
   0         0         1       
   0         1         2.2e-16 
   0         0         1       
   0        -1         4.4e-16 
   1         0         6.3e-06 
   0        -1         5.6e-16 
   1.6e-16   0        -1       

GEOM_XPOS
   0         0         0       
  -0.024     0.069     0.037   
  -0.025     0.073     0.037   
  -0.024    -0.065     0.063   
  -0.025    -0.073     0.063   
  -0.065    -0.066     0.048   
  -0.06      0.058     0.037   
   0.011    -0.072     0.046   
  -0.03     -3.4e-05   0.053   
  -0.025    -0.073     0.033   
  -0.024    -0.065     0.033   
   0.011     0.072     0.046   
  -0.029    -0.00088   0.057   
   2.2e-06  -0.032     0.27    
   1.1e-05  -0.031     0.26    
   3.1e-06   0.032     0.4     
  -1.3e-05   0.031     0.4     
   0.042     0.024     0.61    
   0.022    -0.011     0.64    
   0.057    -0.011     0.59    
   0.077     0.08      0.64    
   0.044     0.025     0.61    
   0.14      0.011     0.67    
   0.12     -0.024     0.69    
   0.087    -0.08      0.65    
   0.094     0.011     0.71    
   0.12     -0.025     0.69    
   0.43      0.096     0.73    
   0.36      0.1       0.74    
   0.36      0.044     0.73    
   0.26      0.02      0.73    
   0.35      0.08      0.73    
   0.46      0.069     0.73    
   0.49      0.0051    0.72    
   0.47     -0.053     0.73    
   0.57      0.00058   0.8     
   0.55      0.011     0.81    
   0.57      3.8e-06   0.81    
   0.55     -0.011     0.81    
   0.54      2.4e-06   0.81    
   0.53      1.4e-07   0.81    
   0.58      1.2e-06   0.8     
   0.47     -0.053     0.73    
   0.56      6.3e-05   0.81    
   0.55      1.2e-05   0.81    
   0.55      0.025     0.81    
   0.55     -0.025     0.81    
   0.47     -0.044     0.73    
   0.56      2.6e-05   0.81    
   0.52     -0.0084    0.74    
   0.52     -0.0062    0.74    
   0.61     -4.7e-05   0.65    
   0.61      0.033     0.65    
   0.51      5.6e-06   0.65    
   0.5      -5.5e-07   0.65    
   0.5       6.8e-06   0.65    
   0.61     -0.033     0.65    
   0.61     -3.7e-05   0.66    
   0.55     -3e-05     0.65    
   0.57     -1.9e-07   0.65    
   0.12      0         0.45    
  -0.11      0         0.45    
   0.35      0.05      0.82    

GEOM_XMAT
   1         0         0         0         1         0         0         0         1       
  -0.16     -0.63      0.76      0.99     -0.1       0.12      0.0009    0.77      0.64    
  -0.084     0.71      0.7       0.99      0.013     0.11      0.066     0.71     -0.7     
   0.99     -0.0056   -0.17     -0.17      0.0013   -0.99      0.0057    1         0.0004  
   0.28     -0.61      0.74      0.96      0.24     -0.16     -0.085     0.76      0.65    
   0.16     -0.99      0.032     0.99      0.16      0.0071   -0.012     0.03      1       
  -0.16      0.18      0.97      0.99      0.029     0.16     -5.6e-17   0.98     -0.18    
   0.16     -0.98     -0.12      0.99      0.16      0.022    -0.0026   -0.12      0.99    
  -0.42      0.0024    0.91     -0.0015   -1         0.0019    0.91     -0.00057   0.42    
   0.014    -0.99     -0.14     -0.0066    0.14     -0.99      1         0.015    -0.0045  
   0.99     -0.0078   -0.15     -0.15      0.027    -0.99      0.012     1         0.025   
  -0.16     -0.98     -0.12      0.99     -0.16     -0.022     0.0025   -0.12      0.99    
  -0.36      0.0082    0.93      0.022    -1         0.017     0.93      0.027     0.36    
   1         0.0004   -1.1e-05  -0.00038   0.93     -0.37     -0.00014   0.37      0.93    
   1        -0.00072  -7.9e-05   0.00065   0.94     -0.34      0.00032   0.34      0.94    
   1        -0.00041   2.2e-05   0.00039   0.93     -0.37      0.00013   0.37      0.93    
   1        -2.3e-05  -0.00018  -3.9e-05   0.94     -0.34      0.00018   0.34      0.94    
  -0.73      0.15      0.67      0.18     -0.9       0.39      0.66      0.4       0.63    
   0.039    -1         0.091    -0.49     -0.099    -0.87      0.87     -0.01     -0.49    
  -0.7      -0.71      0.0065    0.71     -0.7      -0.0046    0.0079    0.0014    1       
  -0.065    -0.61      0.79      1         0.0018    0.084    -0.053     0.79      0.61    
  -0.75      0.053     0.66      0.28     -0.88      0.38      0.6       0.47      0.65    
  -0.0084   -0.0012   -1        -0.71      0.7       0.0052    0.7       0.71     -0.0068  
   0.58      0.5      -0.64      0.32     -0.86     -0.39     -0.75      0.02     -0.66    
   0.053    -0.79     -0.61     -1        -0.0015   -0.084     0.065     0.61     -0.79    
   0.87      0.011    -0.49     -0.49      0.098    -0.87      0.039     1         0.091   
   0.55      0.52     -0.66      0.35     -0.86     -0.38     -0.76     -0.026    -0.65    
  -0.05      0.0022    1         1         0.0038    0.05     -0.0037    1        -0.0023  
  -0.17      0.12      0.98      0.98     -0.098     0.19      0.12      0.99     -0.1     
  -1.9e-05  -0.27      0.96      6.6e-05   0.96      0.27     -1         6.8e-05   6e-08   
   0.79     -0.11     -0.61     -0.59      0.16     -0.79      0.18      0.98      0.064   
  -0.24      0.0037    0.97      0.97      0.0053    0.24     -0.0043    1        -0.0049  
   0.0052    0.92      0.38      0.0052    0.38     -0.92     -1         0.0068   -0.0028  
  -0.041    -0.49      0.87     -1        -0.009    -0.053     0.034    -0.87     -0.49    
  -0.1      -0.97     -0.2      -0.99      0.099     0.021    -0.00041   0.21     -0.98    
   0.23     -0.15      0.96     -0.0099   -0.99     -0.15      0.97      0.024    -0.22    
   1        -1.6e-16   0         0         0        -1         1.6e-16   1         0       
   0         0         1         0        -1         0         1         0         0       
   1        -1.6e-16   0         0         0        -1         1.6e-16   1         0       
   0         0         1         0        -1         0         1         0         0       
   1        -1.6e-16   0         0         0        -1         1.6e-16   1         0       
   1        -1.6e-16   0         0         0        -1         1.6e-16   1         0       
  -0.1      -0.012     0.99     -0.99      0.0013   -0.1       1.1e-16  -1        -0.012   
   0.22      0.029     0.98     -0.00059  -1         0.03      0.98     -0.0071   -0.22    
   0.17     -0.98      0         0         0        -1         0.98      0.17      0       
   1        -1.6e-16   0         0         0        -1         1.6e-16   1         0       
   1        -1.6e-16   0         0         0        -1         1.6e-16   1         0       
  -0.1       0.011     0.99     -1        -0.0029   -0.1       0.0017   -1         0.011   
   0.22     -0.025     0.98      5.6e-05  -1        -0.026     0.98      0.0057   -0.22    
   0.25     -0.0079    0.97     -0.97     -0.05      0.25      0.046    -1        -0.02    
   0.14      0.13      0.98     -0.99      0.011     0.14      0.0069   -0.99      0.13    
  -0.21     -0.98     -0.014    -8.1e-05  -0.014     1        -0.98      0.21      0.003   
   0.084    -0.23     -0.97      1         0.021     0.081     0.002    -0.97      0.23    
  -0.015     0.0011   -1        -0.12     -0.99      0.00063  -0.99      0.12      0.015   
   1         0.00019   1.6e-16   0.00019  -1        -8.2e-33   1.6e-16   3e-20    -1       
   1         0.00015   1.6e-16   0.00015  -1        -3e-33     1.6e-16   2.3e-20  -1       
   0.084    -0.23      0.97     -1        -0.022     0.082     0.0024   -0.97     -0.23    
  -0.28     -0.96     -0.00038   0.001    -0.00069   1        -0.96      0.28      0.0012  
  -0.0021   -0.71      0.71      0.0024    0.71      0.71     -1         0.0032    0.00025 
  -0.054    -0.0007   -1         0.00023  -1         0.00069  -1        -0.00019   0.054   
   1         0         0         0         0        -1         0         1         0       
   1         0         0         0         0        -1         0         1         0       
   1         0         0         0         0        -1         0         1         0       

SITE_XPOS
   0.55     -6.6e-34   0.62    

SITE_XMAT
  -9.8e-05  -1         1.6e-16  -1         9.8e-05  -2.5e-32  -1.5e-20  -1.6e-16  -1       

LIGHT_XPOS
   0.11      0.00023   1.9     
   0         0         1.5     

LIGHT_XDIR
   0         0        -1       
   0         0        -1       

SUBTREE_COM
   0.17      0.011     0.55    
   0.15      0.007     0.52    
   0.16      0.0072    0.54    
   0.23      0.0096    0.65    
   0.25      0.0099    0.67    
   0.34     -0.0032    0.71    
   0.5       0.021     0.72    
   0.54      0.01      0.7     
   0.56      0.01      0.67    
   0.55     -3.3e-33   0.52    
   0.12      0         0.45    
  -0.11      0         0.45    
   0.35      0.05      0.82    

CDOF
   0         0         1        -0.007     0.15      0       
   0         1         2.2e-16   0.19      3.4e-17  -0.15    
   0         0         1        -0.007     0.15      0       
   0        -1         4.4e-16   0.13      3.2e-17   0.071   
   1         0         6.3e-06  -4.4e-08   0.21      0.007   
   0        -1         5.6e-16   0.21     -1.7e-16  -0.31    
   1.6e-16   0        -1         0.007     0.4       1.1e-18 

CINERT
   0         0         0         0         0         0         0         0         0         0       
   0.14      0.17      0.028    -0.00087  -0.057    -0.0021   -0.12     -0.0045   -0.3       0.63    
   0.98      1.1       0.12     -0.0038   -0.17      0.013    -0.74     -0.024    -1.2       5       
   0.024     0.058     0.044     0.0099   -0.012    -0.0011   -0.1      -0.0022   -0.1       0.65    
   0.053     0.1       0.066     0.0084    0.014    -0.019    -0.41      0.1       0.2       3.2     
   0.14      0.15      0.034    -0.0045   -0.03      0.021     0.12     -0.12      0.65      3.6     
   0.071     0.18      0.13     -0.011    -0.071    -0.0072    0.34      0.042     0.27      1.2     
   0.067     0.3       0.24     -0.001    -0.12     -0.0015    0.62      0.0059    0.33      1.7     
   0.027     0.15      0.13      0.00021  -0.043    -6.1e-05   0.3       0.0026    0.11      0.74    
   0         0         0         0         0         0         0        -0        -0         0       
   0.002     0.00025   0.002     0         0         0        -7.8e-18   0         0         0.57    
   0.002     0.00025   0.002     0         0         0         7.8e-18   0         0         0.57    
   0.12      0.001     0.12      0         0         0         0        -1.6e-17   0         2.3     

ACTUATOR_LENGTH
   0       
   0       
   0       
  -1.6     
   0       
   1.6     
  -0.79    

ACTUATOR_MOMENT
   1         0         0         0         0         0         0       
   0         1         0         0         0         0         0       
   0         0         1         0         0         0         0       
   0         0         0         1         0         0         0       
   0         0         0         0         1         0         0       
   0         0         0         0         0         1         0       
   0         0         0         0         0         0         1       

CRB
   0         0         0         0         0         0         0         0         0         0       
   1.5       2.2       0.78     -0.003    -0.49      0.0034   -1e-15     1.8e-17  -1.3e-15   17      
   1.4       2         0.76     -0.0021   -0.43      0.0055    0.12      0.0045    0.3       16      
   0.39      0.94      0.63      0.0017   -0.26     -0.008     0.87      0.029     1.5       11      
   0.36      0.89      0.59     -0.0082   -0.25     -0.0069    0.97      0.031     1.6       10      
   0.31      0.79      0.53     -0.017    -0.27      0.012     1.4      -0.073     1.4       7.2     
   0.17      0.63      0.49     -0.012    -0.24     -0.0088    1.3       0.05      0.71      3.6     
   0.094     0.45      0.36     -0.00084  -0.17     -0.0016    0.92      0.0085    0.44      2.4     
   0.027     0.15      0.13      0.00021  -0.043    -6.1e-05   0.3       0.0026    0.11      0.74    
   0         0         0         0         0         0         0        -0        -0         0       
   0.002     0.00025   0.002     0         0         0        -7.8e-18   0         0         0.57    
   0.002     0.00025   0.002     0         0         0         7.8e-18   0         0         0.57    
   0.12      0.001     0.12      0         0         0         0        -1.6e-17   0         2.3     

QM
   1.3      -0.038     1.1       0.00011   0.037    -0.0007   -0.0067  
  -0.038     2.5      -0.037    -1.1      -0.032    -0.084     0.0023  
   1.1      -0.037     1.2       0.00011   0.037    -0.0007   -0.0067  
   0.00011  -1.1       0.00011   0.89      0.026     0.091     0.00016 
   0.037    -0.032     0.037     0.026     0.13     -0.00064  -0.0016  
  -0.0007   -0.084    -0.0007    0.091    -0.00064   0.13      0.00079 
  -0.0067    0.0023   -0.0067    0.00016  -0.0016    0.00079   0.1     

QLD
   0.23     -0.0032    0.92     -0.0088    0.29     -0.0049   -0.064   
  -0.0032    1.2      -0.03     -1.2      -0.26     -0.63      0.022   
   0.92     -0.03      1.2      -0.0088    0.29     -0.0049   -0.064   
  -0.0088   -1.2      -0.0088    0.82      0.21      0.69      0.0015  
   0.29     -0.26      0.29      0.21      0.13     -0.0047   -0.015   
  -0.0049   -0.63     -0.0049    0.69     -0.0047    0.13      0.0076  
  -0.064     0.022    -0.064     0.0015   -0.015     0.0076    0.1     

QLDIAGINV
   4.4     
   0.84    
   0.82    
   1.2     
   7.9     
   7.5     
   9.5     

QLDIAGSQRTINV
   2.1     
   0.92    
   0.9     
   1.1     
   2.8     
   2.7     
   3.1     

D_rownnz              7 7 7 7 7 7 7

D_rowadr              0 7 14 21 28 35 42

D_colind              0 1 2 3 4 5 6 0 1 2 3 4 5 6 0 1 2 3 4 5 6 0 1 2 3 4 5 6 0 1 2 3 4 5 6 0 1 2 3 4 5 6 0 1 2 3 4 5 6

B_rownnz              7 7 7 7 7 7 7 7 7 7 0 0 0

B_rowadr              0 7 14 21 28 35 42 49 56 63 70 70 70

B_colind              0 1 2 3 4 5 6 0 1 2 3 4 5 6 0 1 2 3 4 5 6 0 1 2 3 4 5 6 0 1 2 3 4 5 6 0 1 2 3 4 5 6 0 1 2 3 4 5 6 0 1 2 3 4 5 6 0 1 2 3 4 5 6 0 1 2 3 4 5 6

QDERIV
  -1         0         0         0         0         0         0       
   0        -1         0         0         0         0         0       
   0         0        -1         0         0         0         0       
   0         0         0        -1         0         0         0       
   0         0         0         0        -1         0         0       
   0         0         0         0         0        -1         0       
   0         0         0         0         0         0        -1       

QLU
   0         0         0         0         0         0         0       
   0         0         0         0         0         0         0       
   0         0         0         0         0         0         0       
   0         0         0         0         0         0         0       
   0         0         0         0         0         0         0       
   0         0         0         0         0         0         0       
   0         0         0         0         0         0         0       

CONTACT
ACTUATOR_VELOCITY
   0       
   0       
   0       
   0       
   0       
   0       
   0       

CVEL
   0         0         0         0         0         0       
   0         0         0         0         0         0       
   0         0         0         0         0         0       
   0         0         0         0         0         0       
   0         0         0         0         0         0       
   0         0         0         0         0         0       
   0         0         0         0         0         0       
   0         0         0         0         0         0       
   0         0         0         0         0         0       
   0         0         0         0         0         0       
   0         0         0         0         0         0       
   0         0         0         0         0         0       
   0         0         0         0         0         0       

CDOF_DOT
   0         0         0         0         0         0       
   0         0         0         0         0         0       
   0         0         0         0         0         0       
   0         0        -0         0         0         0       
   0         0         0         0         0         0       
   0         0        -0         0         0        -0       
  -0         0         0         0         0         0       

QFRC_BIAS
   0       
  -25      
   0       
   19      
   0.74    
   1.7     
   1.2e-17 

QFRC_SPRING
   0       
   0       
   0       
   0       
   0       
   0       
   0       

QFRC_DAMPER
  -0       
  -0       
  -0       
  -0       
  -0       
  -0       
  -0       

QFRC_GRAVCOMP
   0       
   0       
   0       
   0       
   0       
   0       
   0       

QFRC_FLUID
   0       
   0       
   0       
   0       
   0       
   0       
   0       

QFRC_PASSIVE
   0       
   0       
   0       
   0       
   0       
   0       
   0       

SUBTREE_LINVEL
   0         0         0       
   0         0         0       
   0         0         0       
   0         0         0       
   0         0         0       
   0         0         0       
   0         0         0       
   0         0         0       
   0         0         0       
   0         0         0       
   0         0         0       
   0         0         0       
   0         0         0       

SUBTREE_ANGMOM
   0         0         0       
   0         0         0       
   0         0         0       
   0         0         0       
   0         0         0       
   0         0         0       
   0         0         0       
   0         0         0       
   0         0         0       
   0         0         0       
   0         0         0       
   0         0         0       
   0         0         0       

ACTUATOR_FORCE
   0       
   0       
   0       
  -1.6     
   0       
   1.6     
  -0.79    

QFRC_ACTUATOR
   0       
   0       
   0       
  -1.6     
   0       
   1.6     
  -0.79    

QFRC_SMOOTH
   0       
   25      
   0       
  -20      
  -0.74    
  -0.08    
  -0.79    

QACC_SMOOTH
   0.0017  
   0.25    
   0.0005  
  -24      
  -0.82    
   16      
  -7.6     

QFRC_CONSTRAINT
   0       
   0       
   0       
   0       
   0       
   0       
   0       

QFRC_INVERSE
   0       
   0       
   0       
   0       
   0       
   0       
   0       

CACC
   0         0         0         0         0         0       
   0         0         0         0         0         0       
   0         0         0         0         0         0       
   0         0         0         0         0         0       
   0         0         0         0         0         0       
   0         0         0         0         0         0       
   0         0         0         0         0         0       
   0         0         0         0         0         0       
   0         0         0         0         0         0       
   0         0         0         0         0         0       
   0         0         0         0         0         0       
   0         0         0         0         0         0       
   0         0         0         0         0         0       

CFRC_INT
   0         0         0         0         0         0       
   0         0         0         0         0         0       
   0         0         0         0         0         0       
   0         0         0         0         0         0       
   0         0         0         0         0         0       
   0         0         0         0         0         0       
   0         0         0         0         0         0       
   0         0         0         0         0         0       
   0         0         0         0         0         0       
   0         0         0         0         0         0       
   0         0         0         0         0         0       
   0         0         0         0         0         0       
   0         0         0         0         0         0       

CFRC_EXT
   0         0         0         0         0         0       
   0         0         0         0         0         0       
   0         0         0         0         0         0       
   0         0         0         0         0         0       
   0         0         0         0         0         0       
   0         0         0         0         0         0       
   0         0         0         0         0         0       
   0         0         0         0         0         0       
   0         0         0         0         0         0       
   0         0         0         0         0         0       
   0         0         0         0         0         0       
   0         0         0         0         0         0       
   0         0         0         0         0         0       

